# Stê¿enie substratu [mM]      Aktywnoœæ enzymu [nmol min-1 mg-1]
  1,5   769,2308    708,791    704,3956    696,7033    632,967    686,8132
  3     943,9561   1043,956    995,6044   1189,011    1089,011   1074,725
  6     1728,571   1616,484   1546,154    1801,099    1634,066   1494,505
 12     1807,692   1786,813   1766,055    1805,495    1783,516   1783,516
 32     1645,890   1233,703   1543,407    1892,286    1466,345   1793,703  
 53     1134,890   1566,703   1234,407    1843,286    1233,325   1798,703  
 72     1535,890   1345,703   1346,407    1823,286    1670,754   1716,703  
 94     1423,890   1546,703   1546,407    1815,286    1700,577   1767,703  
#  czas reakcji 2 min
# 
#  iloœæ enzymu 0,015 mg/mL 
