# Stê¿enie substratu [mM]      Aktywnoœæ enzymu [nmol min-1 mg-1]
  1,5   769,2308    708,791    704,3956    696,7033    632,967    686,8132
  3     943,9561   1043,956    995,6044   1189,011    1089,011   1074,725
  6     1728,571   1600,484   1546,154    1800,099    1634,066   1494,505
 12     1807,692   1786,813   1745,055    1805,495    1700,516   1783,516
 24     1803,890   1796,703   1793,407    1814,286    1800       1796,703
 30	1900,765   1823,334   1934,023    1795,345    1700       2034,833
#  czas reakcji 2 min
# 
#  iloœæ enzymu 0,015 mg/mL 
